7111.56 9729.62 391.119 -14.42 -0.18 0.19 -0.68 -0.7
4570.79 4251.29 373.363 -1.15 -0.0599999 0.430431 0.356167 -0.829382
9166.86 6153.77 242.134 -1.45999 -0.08 0.19 -0.68 -0.7
4522.32 6558.6 313 -4.61002 0.26 0.32809 -0.846792 -0.418688
10026.4 7711.67 320.472 -4.35999 0.12 0.637341 -0.764597 -0.0958526
6655.59 3808.79 207.756 -7.71001 0.32 0.773058 -0.433584 -0.463018
6791.37 3542.89 208.457 -10.14 0.87 0.195118 -0.574046 -0.795236
7280.21 6338.36 128.083 -4.59001 0.2 0.194936 -0.925277 -0.325364
7863.48 3152.68 210.198 -1.16001 0.14 0.693479 -0.170549 -0.7
8171.36 3213.21 205.388 -8.25001 0.12 -0.61626 0.335 -0.71274
